1.0093823433274265 0.8993178574126932 1.0056713996117612 1.2106071348489562 -0.20163803791170898 -0.16180719025138052 -0.06669845051790596 1.230484900971103 1.1594723661463897 0.5217037384263384 0.6804216330980154 0.600560580345586 0.9383391940158005 0.8315280786532983 0.9712933299015397 1.1525507507227757 1.1617590522058012 1.2219287349197812 1.1940465711348023 0.9830275070421303 0.9889327440840509 1.0752968412010877 0.9002348764960671 0.40133514328629066 0.7321466394117391 0.7981146385329099 0.5734061678716683 0.21215839465996267
1.0017938866637062 1.032267103985863 1.0024768828202082 0.7785163379060698 0.2775059991605953 -0.14610945901536196 -0.1749347121141288 1.1391505059970384 0.9948853635594925 0.8904176811751581 0.9136683528170454 1.2373463027500016 1.0890127502747613 1.1670195155403857 1.1131901020424233 1.070059994126865 1.2233175313950335 1.0515988497728976 1.2383552359927057 1.0938586490056779 1.1641845801019501 0.7633672929460575 0.9450273522034958 0.8423257692193715 0.14481412732404889 0.3518290892348518 0.249094502953784 0.4131070484112824
0.9836712562826575 0.8911380525904049 0.9801070327421018 0.9019120250761694 -0.19525910076746722 -0.21066841303445613 -0.35672449817144547 0.6868136151626203 1.0180105917751594 0.7576218416087661 1.2874107057593998 0.5602541310165554 0.893713482150459 1.0631026482177066 0.960470092341098 0.8724566823522949 0.9490712992956873 1.0073116672750442 0.9057405820422403 0.8156192133226375 1.0248503915317138 1.1270223642827195 0.9336859789244102 0.4297210038234062 0.28258998721006623 0.675735697037191 0.2755345167290255 0.012756442312992925
1.0085200534758654 1.15211762079154 1.0084322951608569 0.9781211974705035 -0.18837088073195035 -0.04949978343831252 0.7846423246963865 1.458681831729479 0.7168630966357196 0.8521614850926389 1.4956449819388258 1.0628019550651344 0.9886042620083252 0.8058429406195421 1.1930621992086097 1.246844223657277 0.859899710986103 0.7861966824007419 1.1151840764356906 0.7920287469342168 1.1686226021692545 1.1862328652621834 0.8404834438278155 0.22433578946187452 0.1932116276424484 0.5238438701216104 0.9012040115951014 0.3983641381916727
1.0029973033269297 1.2142974386510823 1.0147159013796472 0.9109581080269858 0.20514676197852227 -0.16301403649603624 0.6969357866112691 1.3544829173079824 1.401652419151507 1.0148004913009285 1.0222853479236336 1.02521847706414 1.097557094681642 1.2385481608199425 0.9102041652523286 0.7911287084290962 1.0051602597830236 1.1426500890776028 1.00679739938577 1.1254611060450597 1.0179164009161505 0.7778698955076906 0.8199716409882745 0.6718591674898207 0.5305158546259805 0.8772002555995284 0.23744666818344587 0.27213410699899554
0.9814037978019752 0.8294495975001327 1.0116202126743659 1.2494152382467905 0.23171736296296414 0.17305043574212176 0.37034341332059406 0.9080599417123487 0.8742466259152939 1.4055872915770076 1.0893953687171796 0.9023620050268071 0.9968625189289699 0.7970746418520908 1.1375242629675977 0.9458788647015076 0.9182710053792023 1.1644365210376655 1.0983634054227094 0.9690020567926494 1.1734154725991137 1.1090251864524927 0.8043340868520471 0.6501457873507777 0.663987294631669 0.9053724294780809 0.05335715570772117 0.9012536389319996
1.0188515597810306 0.80365232743428 0.9882451469103889 0.8463057427600691 0.07325587413299034 -0.08109896727781402 0.663510032888543 1.473506334165095 1.1730578954238369 1.224056897928293 0.8504533690899645 0.988955352116404 1.2139178815603995 1.0176296422499473 0.9075148212867985 1.0026350083190405 0.8436665723850166 0.9870422059970617 0.88118422132133 1.0311117932270657 0.8438087106191046 0.8065903452990226 0.8848196607138545 0.975731887176459 0.8122656448524656 0.9527504239755343 0.18997765204697675 0.4638900253684262
1.0059778489952405 1.2202235811438849 0.9916031576822334 0.9805795709504972 -0.042115702587993964 0.0626334280540779 -0.2257467298125071 0.580017117878862 0.8430159337270784 0.928960029265274 0.736920857525956 1.3401549356057725 0.9001859355800054 0.8865304757841838 1.0976822936084227 1.1924825752124373 1.2453708402553314 1.1530207001925301 1.0184023354104017 1.0869533000380747 0.9389897863091815 0.7711351487249006 0.9026491323359394 0.12108638337035847 0.3831444154509754 0.6463531398810461 0.3631416879461583 0.9990356217181572
0.9906914083236126 0.9041264208738904 1.0015153287447072 0.8824731929680646 -0.27574798209097817 0.2889081794677684 0.6513204714035103 1.1093792840015673 0.827536208357216 1.0555278657684257 1.1787146064946734 0.9576498507412812 0.7926701213208623 0.9178286220867797 1.1630452575387886 0.7728221276698108 1.1261115249586233 1.0044917073294828 1.0233941723577065 0.7803260748236572 1.0691447467302448 1.010683237731276 0.8506636920980667 0.5516397385098624 0.4008165384198543 0.2561360096201357 0.6037582003151659 0.6800805127833217
0.996657057112646 1.2051916291404197 1.0159737540892124 0.9287051507533892 -0.2566408077207831 0.10194076869449636 0.12263822868525975 0.5388206950861509 0.8610956046718172 0.7218848635769469 1.2631373523210514 0.5086252704467978 0.8167116966932177 0.7653433835522253 1.0260019507925877 1.0534035604556824 1.1834479170951897 0.8303420755264 0.951633175321102 0.779802693493594 0.752934629753644 0.9388790946560311 0.86752023947444 0.23779455579667005 0.2670873125242024 0.061527994910518045 0.13765397136751573 0.6633654127325578
1.0197149221929231 0.938582196326211 1.0186086227234203 1.0177909986173894 -0.29683693008723644 -0.0027396982135114434 0.7667318036757829 0.562052615990475 0.6357723810580715 1.3216355195924256 1.4790946216598226 1.1809777024684724 0.9074598531753758 0.8173936383521004 1.1548815207306666 1.2367215012563646 0.7504381315583266 0.7765934158277115 1.1774843790539793 1.109694243588683 0.9121118290346306 1.2383687014766345 0.8350556558454942 0.08303873019338665 0.17212790923897325 0.32560267844584057 0.44709151521239465 0.16152681408983063
1.0080739664080482 0.9278993446247872 0.9952647161597565 0.9933624937359586 -0.07823408960828851 -0.1759680927064039 -0.48413965790328306 1.0176203397327641 1.4382090360502309 1.1095099112989812 0.9353669141154356 1.055902114255704 1.248334407254113 0.9863926293385423 0.9823291926617266 1.1650219121280196 0.7799701333499652 1.2445688080005952 1.1037328584753774 1.060716059286565 0.7999185616450564 1.0879940190205115 0.8986763729025697 0.8647468838667194 0.9239973271664069 0.7012505427526001 0.8849971966751836 0.4584366320108349
0.9919475192668118 0.8492697915038241 0.9810150519870615 1.0215780224463158 0.05719835676484142 0.05343982871032099 0.18511974803414755 1.3706639276448103 1.353101150365881 0.9766147993634715 0.5701293914091663 0.6406535965050869 0.8504851102828866 1.0207241407049685 1.1450254787478291 0.8597573760819164 1.0803210166212747 0.8081757494995706 1.2275413667693935 0.839699025992361 0.8258242462549057 1.0248180412936643 0.8685933532252619 0.5672372884606383 0.9667385322217052 0.14627665579851298 0.2934810162893988 0.4060628005790757
0.9911783187866497 0.7706133660449643 1.0010257997856606 0.8797506760951236 -0.28076369116311495 -0.05540860262767666 0.16234800410043027 1.3800896075435098 0.6834760138987813 0.9420382753288075 1.4551389994256676 1.190043731203303 1.1891064182748576 1.2466047431148466 0.9391457082592697 1.0569380856976118 0.8220371743386469 0.9389435234581262 0.9767548099736107 0.852360923300542 1.1586080473461942 1.0600365885469594 0.8710926459629433 0.4574823241166816 0.6247794811789579 0.17741875622378434 0.4218399968388271 0.22708597288006888
1.0116557432492337 1.2043726801431927 0.9861320747721914 1.2218531172365126 0.2416483880274774 -0.20321496225975544 0.04120230554212667 1.3388053419438966 1.3124765446684525 1.4825777300393468 1.1977185201627765 1.4168484255769587 1.0333169552671047 0.7732788128334415 0.803735623490836 0.9406397866144932 0.8955179704718085 0.7697656874329784 0.9393634945021989 0.8309532799929862 1.1351946064015868 0.8021789522471126 0.9898795083908156 0.9191659682050283 0.578472833711923 0.8254677470282322 0.8722745851001118 0.9214875712581875
0.9882819965135528 0.9571677993878347 1.0165439344927538 0.9389894057024172 0.2341536657678141 0.07243807712014455 -0.08068449301561781 1.4185789873078445 1.4142099143207179 1.2833170738610304 0.5683141309822847 1.312363619446106 0.8741397596924158 1.0695043479107693 1.043491452807789 0.967501226669601 1.1863876553152575 1.081967117188377 0.8864789453444932 0.94012945665478 1.0132229854028154 1.225139943339677 0.8877323627065182 0.332875619702904 0.8895310525307208 0.7188149018248868 0.9429734522620867 0.47456470318663646
1.0041647495452706 1.190319001735142 1.0070127078394953 0.9333314420165959 -0.010921641951481098 0.1532123067051745 0.7482184683037365 1.2213686597306128 0.5116550340214491 0.632006235251772 1.3093494018231744 1.2830470186461556 1.0755796867355478 1.1580786715767797 0.9997253337226292 0.7597599633297791 1.2018352252589197 0.9705885726653429 0.9039390451470706 0.841647505203574 1.0065536416850063 0.8727648175730375 0.8484532547100214 0.17535461156764717 0.9877544011974156 0.5839820546773118 0.19668855765782325 0.4803463337418114
1.0147452890598958 0.7683182086166889 1.0194036773522517 0.7810977715730775 0.22518491280349234 -0.08872642656527849 0.9980365876537907 1.0248936678073632 1.1219606346287163 0.957362357332292 1.3851777519080668 1.0464487868098913 0.8652085555291796 1.0442076036974137 0.7763931899296274 1.016707029635529 1.0303299465597773 0.8551199721691075 0.7694731240376758 0.9777569051292748 1.1499725635764062 1.0174500058031217 0.9188999187355116 0.07148917927504447 0.4954553374191388 0.03082898171728334 0.976954033607572 0.6294739052562213
0.9856157053661091 1.0560025297683355 1.0198303880041728 1.1464998596375604 -0.17154088953311586 0.10406692190001132 -0.19496859970947156 0.6055553835150623 1.1122663682132075 1.0744936738846262 1.2413699526800208 0.7689660268163376 0.8085187075153115 1.1859224563043516 0.9207620647315069 1.0135209331396353 1.0475712705691473 0.8771422943377558 0.7772202640162791 1.0678208802899072 0.9589367048890205 0.980665686507871 0.9999585537087463 0.2523071726679616 0.2449339528160331 0.30160798797667265 0.8219192066403052 0.3849781754248946
1.0103965875319567 1.0089558391356617 0.989447372475532 1.07578331456568 0.16769021357461406 0.2762290014128042 -0.32924065804594277 1.1411065717159552 0.5644869365833404 0.564678493414025 1.4686353164364006 0.9460301270230813 1.1141379941623755 1.2417213925948132 1.1779595902346314 1.2186041965431234 0.7608392089672504 0.8646149934295186 1.0282377564076939 0.7897234669564748 0.9647955959109584 1.036126096656733 0.8217273829967634 0.7863905765582797 0.6894654689944785 0.18196947324823726 0.5658592362766588 0.812909859045644
1.0193187984096097 0.8069077172611275 0.9904304118344329 1.1949995883040434 0.08488618876227488 0.18018249507864914 0.4638152671876794 1.190019126099958 0.961842471820761 0.5132120795921751 1.1480260478989512 1.3012992851507477 0.8034390471868973 0.7936339872143243 0.755764167036249 0.9641586625451899 0.9289024014618141 0.819066806927026 1.086460224384496 1.1024814372925387 0.9678820005209425 1.0955609818727934 0.9407395503192061 0.8920622920877521 0.9943299758284261 0.07769635541451773 0.2193679872263864 0.20621368833296386
1.0130191046880463 0.8308626736290152 1.012239530253523 0.7860074181465503 0.02927630585225982 0.026935764784668526 0.026811955271413224 1.0772048538836723 1.228952245646862 0.5792709279246053 1.159340739844878 1.032504910221232 0.9653663879723864 1.0761553241967414 1.1693412030480168 0.9774833662023303 1.2168825783324853 0.9789633977877081 1.1976072436849952 1.2387628925322538 0.8636436812603885 0.7972871299868127 0.9552806844617473 0.698994929359581 0.7741448326727319 0.3185182714307756 0.06271019332677187 0.6467225636169728
0.9937192337841547 1.0254056376047223 1.0073800711569678 1.061832322915285 0.15485497796255054 0.21402505096408125 0.19863038414819068 0.7589973169948879 1.3798577058279826 1.4165187791629914 0.5352117109978953 0.6689488353747959 1.0623716470924562 1.0535989136703898 0.7653260992773735 1.0899828544241874 1.0233184805799656 0.925527242654014 0.8740106613693689 0.9645890491031024 1.063706650423391 0.8774051064598472 0.9868379526817778 0.033367947755026287 0.27640134202303135 0.4291754880305013 0.7480451900808512 0.9403749794813946
0.9969321960001191 0.9879294642795476 0.9864918711209835 0.9456441397528955 0.07157517570765404 -0.013941131862524991 0.11198129510669041 0.7721893143433389 1.3393881821681108 1.0364924874025898 0.7582333697463286 0.516637491655315 1.1187652630591465 1.2036171116360397 0.790471924357614 0.9355621087475772 1.1145110609549145 1.0676670744634957 0.8632353389141849 1.0587486231299026 0.9042909747258535 1.0664022645795783 0.8477813148193569 0.2732016640640373 0.03561170213871563 0.11623608128254964 0.031593758273688 0.7058522753153952
1.0038254261765318 1.0631160418024441 0.992468725883876 1.0490416107818092 -0.14199021875622872 0.06865638154365628 0.7374352614013759 1.2558378280518103 1.0678023251788336 1.4350980126933488 1.1830374405363993 1.0735097112838266 0.9418674457729611 0.9699616466966838 0.9658543414406615 0.9325346177895557 0.9658517406367162 1.1186434240379302 1.2248042121613447 1.222482957815562 1.215891286030036 1.1563497807005343 0.9365731707896201 0.9247375456871264 0.251112691412243 0.19143718904329343 0.5927376481896018 0.30335962224514756
0.9840181587490981 1.0659343772691672 0.9984276336441661 1.138281131456261 0.042767589191345934 0.04429020387690574 0.6350698034926994 0.8653760083063331 1.051834901403533 1.2101991405675006 1.1351744446422658 0.7230247379656072 0.8112883877394297 0.7501991970863453 0.9774495851382543 0.8759916416901037 1.2336203208653527 0.9513071836167635 1.0614990936753712 1.1373224083106999 1.1030805567377477 0.8814669508801004 0.8582527468221957 0.5873506505016435 0.8350191636323715 0.6107439477066082 0.4554489210021076 0.955645836320357
1.014385620154483 0.9194225180386012 1.0124886295197892 0.9646810726360396 -0.0889619835776922 -0.19330296597340807 -0.11342312268528792 1.2045276170503483 0.8136322437551144 1.203784523516397 0.6408172846493261 0.6115826650163219 0.7591512529121318 1.1468204621923197 0.8813206447966158 1.0954562113427755 0.7592124490280769 1.2466027140189289 0.8126363571823265 0.8855338916363676 0.994767572013614 0.8971936581897224 0.8307318709480919 0.8013445363867086 0.9388085910476128 0.34605657775505894 0.07330303393131483 0.7362804833278506
1.006082431714795 0.864955801322475 0.9981734159588543 1.1536688762647964 -0.05789523000590241 -0.019478386353427968 -0.4614388693673188 0.6169083606819582 0.9860324133542291 0.849911114547627 1.3387435168746926 0.622342873192767 0.9945905684513736 0.9326492832710088 0.8672531574420315 1.1459006946168535 1.09865003094189 0.8943721770256751 1.079693431547534 0.9107919641177741 0.9267568308185697 0.9544187082059972 0.9844420348578256 0.24378813182359627 0.7642571418806456 0.4994458503302977 0.34751882559740366 0.0328595347567488
1.0155525080570298 1.0978860714309455 0.9993990433172201 1.1095535649499868 6.2088712925501E-4 0.2599422615999078 0.8607754820112241 1.0634177935200646 1.2753588583286766 1.1497328275033953 1.075110191810516 1.40064669363665 0.8815002382299842 1.012604552552661 1.0608703037609177 1.1425177824948036 1.0541852956888071 1.1307190130835312 0.8207771617063572 1.1865646952694038 0.7612467599341181 1.1600782448638587 0.8811293843918969 0.20057150543568014 0.951537041505358 0.33048748906972586 0.4335770792971958 0.44900751822964763
0.9958460662437391 0.7807007671282626 1.0040465536386844 0.7614554813104858 -0.0398288649579418 -0.2853313484365381 -0.12645214058483373 0.8708675744924426 0.8374940399294741 1.1690138609453125 0.804781765601243 1.158941528105856 0.8264510242078812 0.8253582180919226 1.2413226535826982 1.0075157195516562 0.7838761722749757 0.9849009313659732 1.13376681229698 1.1507952635881047 1.058590464345019 0.9607886373063274 0.9354121048248103 0.6283847562624464 0.9094764718906453 0.6914732762812487 0.38800561877020645 0.17713264174899593
0.9826621960068602 1.0147602242183649 0.9843973579566769 1.0904312780540688 0.2937980138353237 -0.2649254272501873 0.5879659011210037 0.6599304232032845 1.3422286211166723 0.6131314041357354 0.63067613559388 0.554017225590694 0.9731028007989324 0.7833132914844073 0.9579164838102632 0.9239921061904456 0.8949079399077482 0.8849571865446034 1.0573557048749347 1.0105078862821537 1.032320223458578 0.7531738502706331 0.9074373207380506 0.017887107186666137 0.6081532716874998 0.9718246529387479 0.6590404214153835 0.3487911731725403
1.0107116084263934 1.091564400579488 1.0052907591563718 1.2275551511571734 -0.025291688667219092 -0.11347355145779633 0.43558988740395677 1.1759493694299747 1.3063709206993142 1.3709901338487112 1.2388353404270034 0.6502156590849737 1.2392350322585206 0.9088035922711869 0.9867502399823149 1.027708649592595 0.9892842846441644 0.8102965551668645 0.8028410363734548 0.8009555341647651 0.8487599926839922 1.140650491893111 0.9054200749784675 0.9487923287563956 0.33620886669195543 0.10984782820803195 0.1786449916769748 0.23164186468476797
0.9820396168970961 1.2455019290348712 1.0129371160862006 1.123683425402973 -0.09776341616793469 0.03652067875230908 -0.05727589629752383 1.3684655955141738 1.1350888580437402 0.9051123853236663 0.5451514528823861 0.5289206663404019 1.131760177947035 0.924283492011007 1.0822789744654853 1.2409348606298594 0.8868215029213136 1.127939436929218 0.7597182619123556 1.2051892624521272 1.0517854661524788 0.7666846765073336 0.8977804352027419 0.3990021472370967 0.019971150788859957 0.745274973995879 0.10299035138596796 0.3392048576901443
1.0124539947819506 0.786572226038872 0.9891644364559343 0.9860960475466101 -0.18578570165238953 -0.2980119697780933 0.05989835510672037 1.0863384701012486 1.0200245055767452 1.4469094091242378 0.6579352370432849 1.0813601975284275 1.1659304583492278 1.178776463035876 1.0451856165253584 1.2317150145634295 1.0297777056103268 1.2325571018212522 0.9119649147926484 0.8635155764285855 1.1105348126001044 0.9120582399350338 0.971357242718774 0.7314608372023635 0.11140204184480326 0.2261428229768579 0.2687071356294895 0.31004522015330155
1.0025354352306914 1.0162860126432347 0.9956912614127993 1.1566871440823987 -0.06420992052225599 0.2510749253848677 0.13905262650192696 0.708858083312347 1.213528462519361 0.8290470064247106 1.3206280722372954 1.4282090214207912 0.9752119947516866 0.9593913846731272 1.1584973892857473 1.104149355521736 1.0556390877566457 1.1376121952952354 1.1739938922174145 1.157422927198973 1.0482317129212748 0.8386161213187923 0.8953754703634306 0.009731582091612912 0.3150628749834301 0.6506267155969835 0.8374988115343104 0.29112551983217244
0.9915778431534312 1.167558380869791 0.9873267834643574 1.0994839347435938 -0.21511133125962684 -0.02957267760158344 0.9335849120624049 1.4280831772132079 0.7392398997876333 1.0248007428803811 0.6146311899724034 0.6359575736179145 1.0254591336623446 0.8612615476181249 1.0654778305982353 0.9957523782802171 0.8043815134791664 0.7944539646744917 1.1880086585282421 1.2178806025332993 0.9792388171394414 1.1972940794872304 0.8731387289905821 0.2886788021022341 0.10510523538273168 5.394192642314843E-4 0.9939153464022572 0.105564870735171
1.0183096675110386 0.9848727469998453 1.0111387969903112 1.0139764325995628 0.01582878182084363 0.2288770758808401 0.7091706954007042 0.6720761576968171 0.6293009504775238 1.0470609417411756 0.5917652355508981 1.4743407037472473 1.1247087421984476 0.9518144257261536 0.896277348106711 0.9258408683597884 1.094460459719956 1.1047087108614886 0.8354012089374209 0.9516841980856725 1.1769410819212887 1.110832543870111 0.9102538276504422 0.3284348738944239 0.341811940377601 0.12655049094566143 0.5429594011937574 0.5636221611988147
0.9828512608386463 1.0747196313324847 0.9852822087996552 1.1146498613794131 0.28635367043695165 -0.1684202638412619 0.4553031749444547 0.643331433714836 1.1961308818588772 0.7774110131997292 1.129960920050845 0.7197966046931523 1.007163758842716 0.9952577903046306 1.0238718155177091 1.1140718971382517 0.9751034657869303 0.9484675223927954 1.2040378963601592 0.8263482570287115 1.085702293120546 0.8249431798584013 0.8027620172818722 0.6372692851650523 0.5846604324642405 0.21448536444535538 0.8172281366240917 0.8507179389117284
1.0120063998306867 0.9796275829939459 0.9977198856340277 0.7953809642607044 -0.10731205529857288 0.05646046363827034 0.6785248833253426 0.8493029001337398 1.323541310155896 1.368645492135788 0.5034701011150142 0.7080848791169447 1.0458045720489868 1.0370367220586032 1.0367749809710098 0.8979350676592077 1.1435894878391055 0.8391572974668986 0.8061680478505756 1.1779831261926133 0.8329013363902069 0.8630916650469432 0.8081836203876605 0.4944258292567802 0.6118303095436517 0.5504672123883586 0.02824598624908992 0.3723164216994239
0.9946336114707125 1.1707102590514196 1.0020959832096836 0.8938414237539136 0.21872898896845844 0.20006927783194733 0.26317352494318924 0.5226475289772621 0.858078969873697 1.1228212240667388 1.4898172465922888 1.4816532135126161 0.8473322312334922 0.8525297792543763 1.0904486185520623 0.8690298676705595 0.869341939680641 1.1738963620418257 0.8909125653921443 1.0991757322314264 1.0398110024162281 0.826382657571762 0.8280943712778337 0.8773231463512093 0.16715134270497445 0.3871446572845142 0.14532522092771524 0.7962314075588227
0.9886180920012329 1.0464853186782075 1.0162231830361723 0.8542950400133187 0.18946892540271876 0.09516478676618934 0.28633628629841557 0.8101917563926222 0.6094023523930142 0.8821108060594274 1.0169761955452221 1.2983266962019184 0.9125652039649432 0.9411447383142063 1.0734807656711836 0.8498535579456129 1.1742680891285848 1.0769956407751002 1.034502708471491 1.0448499612454674 0.8751818213082583 1.1706180248733276 0.8105544787746893 0.46660628387607894 0.5947488323176642 0.779396013572751 0.6335001322899219 0.6061392873550874
0.9932590499372881 0.824332507721037 0.9950246849325837 1.0568043778729466 0.11323713969752364 -0.26246549392187435 -0.4038099996755741 0.9450053194214627 0.5312871141247717 1.186760611982813 0.9893625946174819 1.1643243054958337 0.9595677231053739 0.9256216890867295 1.208971835023885 1.2059299498421523 0.8740456007487757 0.7987795506023998 1.241469118233378 0.876050177936737 1.2289641555755089 1.1386654898301134 0.9250213028452734 0.5032242189189845 0.13353629801831277 0.9964899585469504 0.7983389118967381 0.8830911793971992
0.9903027971311665 1.1000001895724036 0.9896616404563136 0.940200420139864 -0.11764966168941188 0.14701512460542898 0.5780871762571014 0.6670627621881128 1.0061601813850203 0.879659145226891 0.5280043870074457 1.3795338114787747 0.9546267705468998 0.8414228120335802 1.1219946456392016 1.0233452711791253 1.1791151200804966 1.041690692295995 1.1552995111943647 1.2426173464711683 0.8825741744162496 1.0065548939228133 0.9122606594695976 0.5394488188582305 0.7590008838514324 0.7543514085346564 0.5515240585944043 0.8011787979448266
0.9869088162847969 0.8126253561608723 0.9885221396090521 0.7928490722101669 0.08113675000589521 0.08609375920698825 0.9028020897551683 1.4420865465656418 1.0736026818769568 1.2986592297993125 0.7133963413933411 1.1729683421841166 1.1808743025768744 1.0013299632692707 0.8769298283719708 1.1828677454422913 0.9130807295337788 1.0974445381826374 0.8991000211543092 0.7591141795861192 1.1309376657261943 1.1332984392139802 0.817557974475723 0.9967144496720544 0.8604444451499377 0.7377122292492051 0.5861476977432619 0.6360907255695871
1.005307485349628 0.8500582436945396 0.9821179322739517 0.8006194080140765 0.12839964090481792 0.12540464714601363 -0.14727233801193113 0.6296193433342128 1.367859532526063 1.3550781657951676 1.2599322236822545 1.3694021889530692 1.0008571250163452 0.8965377414129884 1.0093939381009895 1.046092209701671 0.9309323031352664 1.1656065619906224 0.967716950737272 0.8994728600418067 0.7675983369426128 0.9191247049922124 0.9978598350133019 0.7209659316910804 0.8992796458447002 0.7203070510775218 0.007593301422468002 0.15916231316939378
1.0014330452710145 0.9513650081498447 1.0134613165304502 1.2411769842019083 -0.2373176412766353 -0.007577465883591095 -0.2524225932320435 0.696167375521584 1.0432214963039539 1.2766607434754889 0.7642745076381816 0.5756128558263077 0.7953179868535029 1.2302391329243605 0.8090734988942885 0.7983080577910637 1.1190586438677703 1.0913945421496853 1.1129126736653974 1.0500102689817807 0.7752109295662333 1.0022958351608475 0.9212570405321829 0.14914599063470227 0.4898402576637574 0.24574232693401013 0.5346969501687503 0.7885626048699549
1.0096129365716908 1.0221651481394052 0.9850035466267527 0.8555851648682555 -0.26989982000890284 0.19338096103482122 0.8068758138040415 0.7191827381376754 0.6439670258263054 0.7442490945692087 0.7411228598163573 0.5321979536214414 1.0937851658669762 1.0944551995474459 0.8210954829496045 1.1953261048003174 0.8793339158683517 0.995650482032798 1.246631205334805 0.9069434918021521 0.8742494531785658 1.2059386945504613 0.9777208378853037 0.8115876068172576 0.557095616662454 0.014693288452612994 0.8587794452403208 0.6515217337557928
1.0007506444580465 0.7505707372713231 1.0078739351489532 0.7714492763791391 0.10296425779419294 0.03149728881999542 -0.21113005258050987 1.1115980577893572 0.9285655765425561 1.3345302531327015 0.6018443975811926 1.229011995723098 0.7751441733239123 0.8660953758798725 1.2335810471254551 1.1329904244170592 1.109547194669509 1.060710771292503 1.142817143977766 1.0044456920477736 0.8237367108624232 1.202408479924875 0.8238139779323536 0.7902999708458098 0.21911582197531623 0.4461046293983802 0.11307122630844636 0.24009851052251563
1.00490698982943 1.2170285514905035 0.9972898138116727 1.0802675941281892 0.21330689667375585 -0.18754740036259526 0.3084369364432632 1.468666889428626 0.8870357992678761 1.0864393958746739 0.7016832874080139 1.4315248410499302 1.0418402342345563 1.0094242019489532 0.8329733046528012 0.7547219101237501 1.1577960516221997 0.757747646646017 1.0480575489156747 0.9863205697721903 1.234225468118412 1.148055099806138 0.8895459449652614 0.13100854521469257 0.08235321444691168 0.4756204232851928 0.5115259176431579 0.6954685980088566
1.0156802904904978 0.8391343074491197 1.0151931009784272 1.1778807726158493 0.09025535915242 0.13141917149378624 0.524764888676337 1.2197221885673784 1.3962458807615792 0.6267208079473459 0.5539450505220694 0.8315226884709148 0.7852023790584222 1.2250912701055392 1.1445631809474635 0.9176533061948735 1.1654889434248559 0.9666410039232048 1.0396766496143293 0.7741094248355291 0.9496739297650074 0.8465888799996462 0.8551594892731098 0.04673077670831639 0.12341355020600236 0.6871375760565142 0.306946367647917 0.8327289564687131
1.0178908534495374 1.1316124681169868 1.0067717512978405 0.8121705503015563 -0.28204910195732824 0.271651126561027 -0.1642880366922208 0.9751846791501941 0.540403632835985 1.2563729303635356 1.2720152020665907 0.5851954032347538 1.2059903684177948 1.0278640653175952 1.0164891260270212 1.2144485864072958 1.0726331064718098 1.021643152518091 1.123168527023336 0.8710364578111955 0.8176025640709507 1.1677183128726727 0.8005706793276097 0.4739110113733538 0.07002426014632007 0.4842161269926666 0.31635743509004244 0.5416851774084613
0.9920916502164884 0.9451121944756083 1.003749982148261 1.0688671525726539 0.010358920109776903 -0.24870900386312497 -0.3377537886241807 1.3156451636904154 1.2634888227549985 0.7153834325576847 1.368850448965526 0.9368213805776906 0.9349469372036658 1.0827911982679295 0.7983994129620544 1.126030543663859 1.1957591763861637 1.2111331566981707 1.0652423634381263 1.1720105211125302 1.1834862380309095 0.9007181381963593 0.8272216199204347 0.4850436132265732 0.005415216963883411 0.15276427833565012 0.8942477884386412 0.06152465597516864
0.9835983993606265 1.2423742537474407 0.9935892680297855 1.103339727245377 0.03789174896514946 -0.2298874088918135 0.2324047894593826 1.4909912115272417 0.949436262017117 1.388450213006752 1.3120320505195082 0.8730044808356265 1.1417781911827865 0.9848753828521772 1.0763252432192518 1.1050857434240502 0.8520074883832772 0.7610894274506943 0.782489842019939 1.0820850541857019 0.8663230689114545 0.9340767861773288 0.8426517733257631 0.18430670143374095 0.432355751706631 0.7864370328152979 0.25549933952886467 0.9688993447030043
0.9999872329015386 0.8835954203707785 1.0191546801538598 1.1340692108116337 -0.019195782103112125 0.2186034565227885 -0.3745519973738662 0.5957751587989746 0.6170557736099576 0.9686051050884832 0.8639091043215893 0.682570833348598 1.0102908770661012 1.0312590616080637 0.7828859866172507 0.823984701631873 1.1035042839436908 1.1145666814645403 1.2348448450163791 1.0161151970583253 1.240770922215746 0.8401724212078749 0.9466449976801153 0.3479803265326562 0.7017940990897619 0.9889922139859786 0.5088650436438108 0.1829304772655964
0.9972293018772233 1.0019619616835826 0.9942088954384309 0.9246462503729596 -0.13467489401430258 0.243364226744822 0.9494215333363227 0.7386369983857783 1.0399608231021846 1.3446788480580683 1.102327409515873 1.3291935551960132 0.8429767031879782 1.0856090039922113 0.9260927895535201 0.8338644125869533 0.7900554657034778 0.8878986126191349 0.9230404786120101 0.9474083634196107 1.0745477475023806 0.8577372678674205 0.8327003950219749 0.8579907742156984 0.5149997576909432 0.5093511190253783 0.4073830791766879 0.19997928429443682
1.0021325877270941 0.969532952873779 1.0035491565457302 0.9077216273360271 -0.005461539372476842 0.22492292247982676 0.019231169663478265 0.8583844759754042 0.809959078326858 1.2499126829344571 1.3404391863478078 1.2409753430203003 0.754371485820888 1.1980491486741003 1.1034172627943426 1.0795484905028987 0.8108493376653314 1.215173962073072 1.054129531047657 0.8814374442434523 0.9072960146665413 0.7887170020207098 0.9488995765573732 0.1180672053937539 0.06829739981208408 0.2728449683378379 0.4609941512489516 0.7200297599159917
0.9848474119011974 1.0825736509856496 1.0049666703494533 1.0376897211646974 -0.1769002313365568 -0.07100367816211886 0.6171558717092587 0.5588837856289911 0.791519578955856 0.5811774656812715 1.4074095416396153 0.5908984475015815 1.1044423574997861 1.070387413912245 1.1884337544979398 1.1357235202064224 0.9073793003142866 1.1754833555309365 0.7922280862325389 0.8943926683507506 0.7903607051424024 0.9710137688753728 0.9738649604530655 0.9549131862372818 0.37412913282590377 0.20903867505464202 0.08608564471265702 0.3695594630415148
0.9845027682587135 0.9311588765091335 0.9839804332873014 1.0891687588383416 0.11478062847321374 0.2678823153709788 0.39515723386602586 1.3029736631191273 1.1020515069810195 1.4964722901983134 0.7745478032481321 0.7448683077217713 0.8574385439384639 0.8032719276364659 1.2177983346026129 0.8047400099523527 0.9376591330900718 0.7714708378756346 0.9425328483769266 1.233014268388692 1.2066007047308889 1.1174512966037438 0.8078262256508457 0.3809369800063839 0.4630408024759576 0.9233377766816138 0.6866473249373272 0.2831677885266667
1.0167607894642614 1.1639423365536088 0.9844035988724028 1.0277395413505561 -0.05126477303003424 0.005904737725721032 0.8691339005126606 0.7292438322204575 0.7088271563331209 1.469230187631343 1.2918950840730095 1.2010729426255167 1.0383079478149535 1.2236037249046232 0.8649619928966107 0.8073645381237938 1.1369221106233658 1.0887048726923056 0.9643265858970846 0.9942008290568585 0.8955499254302145 1.0331352733375534 0.909233468320637 0.7457311582738423 0.69918998076477 0.5612726528243454 0.4939932052038805 0.5958128935053197
0.9952270070578414 0.7751169999532036 1.0080502461594452 0.9980801439871403 0.03548370822282848 0.2523009564853172 0.4838227128726792 1.2710319315507066 1.4992424491064575 0.5912180387637829 1.415252297167717 0.7991239238569224 1.1532657112967728 0.9933271603892352 1.1182234171675884 0.7842494009624488 0.8175766548964984 0.903421999921801 1.211799895383199 0.8659401120071069 0.9247203333151006 1.1211918369691942 0.968597547749813 0.9855786330222006 0.6546741831330568 0.6054402429657293 0.9243248302634981 0.2591406781671209
1.010927493402229 1.128328171192138 0.9856352786685811 0.8095307751255212 -0.1285090597624486 -0.22656593550615373 0.5159682478339225 0.6396166436599208 0.6922135480834067 0.5084205579606083 0.8946692634670654 0.7739045728558759 1.023875795216649 0.8133883281793627 0.7544336436437502 0.9104426423827345 0.9516903544035535 1.1599087219427526 1.14605185997759 1.194580531609338 0.8067363381790527 0.7594050658208078 0.9935888144077862 0.3602602093592254 0.9720393026978608 0.7640803324998324 0.2897633112862581 0.7434456973204564
0.9893549794184691 1.158933147854672 0.982806136173528 1.1698650750217743 -0.24473439837512076 -0.04781739909099336 -0.028132744324069647 0.7426089931475653 0.7600956566881989 0.7358475421352907 0.9738502832052696 1.0158323856713807 1.1903381210839072 1.1022971192614066 1.0877045629715987 0.8910110880520998 1.0123055795570033 0.8256633907493525 1.004378699883907 1.2282837211689972 1.075944228450377 0.7903575859746641 0.930072951436673 0.8807466541498198 0.9163315398341797 0.8666493245099438 0.771565388695522 0.8461574836566944
0.9951308976847631 1.0786332214631913 1.0140756002620404 1.2182422047857007 0.14861496811018865 0.013149682910504501 0.2742427710806854 0.9399389163622056 1.4686142305454966 0.6838436711588327 0.6604366804515239 0.8142282109574309 1.1771596749103368 0.8948174893976182 0.8897290066909128 1.223271441874756 0.9425684817849003 0.8745162563823359 0.9873511431143615 1.1487012423128176 0.9423273081919332 0.8684313155445389 0.8915764375985181 0.3559621932128224 0.7495588772008649 0.5775303290581296 0.8067945862302663 0.14716707806716448
1.0010867967183465 0.9446284097817773 1.0154805726480496 1.1616037200355105 0.1583844535092288 0.11244683889315371 0.7939985254968809 0.8842830214735351 1.298687681317095 1.096211693152723 0.6769585005613896 0.6740339963232685 0.9265279055405861 1.14335108348248 0.9003933805652486 0.985388841952031 0.9829143468730164 1.1481952828806137 0.8288977272120815 1.1178283220398004 1.0411312228374185 1.0557386693550854 0.8799408225253575 0.26195875188845724 0.6378439786949496 0.8149758573062037 0.4816373782818241 0.5338907677524951
1.0047415686340888 0.7587814325024551 1.0113624784006474 1.2323220873029757 -0.017542361325139033 -0.13927711800107603 0.418877671117442 0.5046302276112427 0.5818396825250961 0.6422827637083288 0.8320733831696823 1.1107580542353888 1.1707113261729551 0.874723892466344 1.108214021114204 0.8271575039040608 1.2050904775344862 1.0553668534634002 0.8666045246056336 0.8072414159597694 1.1962126773299966 1.1762443062285368 0.9289576427408623 0.31426442852449815 0.842340109245376 0.39612172176089794 0.33485715563026536 0.8680149197562809
0.9979043006909736 0.8853089664011532 1.0007103897549188 1.1284577514359564 -0.10863868163348919 -0.09698674382902447 -0.3047659433045302 0.9146111483589299 0.500883669071351 0.8077321018451797 1.4467974773461814 0.8621514179147967 0.8321929681302532 0.9380592586150535 1.2289965146932904 1.1758788998248215 1.214919030380597 0.854869738792997 1.1842633732875618 1.1414714362085567 1.0808075407405797 0.8936069978570517 0.8653828106250748 0.06496977384661123 0.41308972481675316 0.2992152504303645 0.8436642411184174 0.32872786603116255
0.9876972928723443 1.1497360415299689 1.0001855888506637 0.8631761232911996 0.26011532082987027 -0.12155475011757189 -0.2888397568735179 1.0084381407279621 1.2516146535333055 1.47100915396218 0.8210239797778995 0.9260579639073685 1.0553095188370891 1.1934574282904342 0.8747163383538594 0.7683147310287692 1.040406652522849 1.182775465846337 0.9950735458737829 1.0471445823157395 1.1933180371016703 0.9208977851246127 0.9562548425817429 0.6024534412653066 0.9485343274810761 0.4100157969103313 0.6705617305115729 0.4983047549676043
1.011280240905162 1.0881635847867193 0.9827528785193184 0.8229509905311827 -0.22716623598286362 -0.1320400693579564 0.9104331480456922 0.5196044008095762 0.7590128011626955 1.1700905988873862 0.5853597444899846 0.8928772029086616 1.2035743345795 0.9740291933325381 0.8584772018241377 0.8806144709626265 0.826644192992269 0.7810044799799793 1.083429919318993 0.7657741444751244 0.9847566841600057 0.9854903437849396 0.9814068884849718 0.16589130101523927 0.4518276902397073 0.9198568896154335 0.9582116338742342 0.7152843128664043
0.9989345804480219 0.9941436231607144 0.9963758902862373 0.843159588198058 0.202558323245493 -0.2888727468128713 0.36541596548462474 1.488003867948433 1.2865012639125344 0.8647742439442665 0.9435119575708323 0.8548613014504319 0.765118349067191 1.1325891346740726 0.7708548984278625 1.2273556779260923 1.1493306960039336 1.1899132656486717 1.0947163752156417 0.9177769077376958 0.9522432398640093 1.233554555885352 0.9635428510040898 0.09730250787697536 0.3629569423571043 0.9637248807371493 0.7094595853441306 0.12978399422448364
0.9854892122007959 0.7624223833682842 0.9915621287822303 1.239283327182735 -0.1593945829047505 -0.2383357224581919 -0.3150165061530502 0.8002301092161307 0.6601934358551705 1.266250283777353 0.5149813335169701 0.8056431897267822 1.1080024717080175 1.1149613258321964 0.9945727898014608 0.81668692731501 1.2365158573456883 0.800838749541739 0.9808180016384603 0.9372334290847812 0.9729412900364697 1.092559048221759 0.9671450333348782 0.7636650461469214 0.5670846540417067 0.9461066561232442 0.7828794504807689 0.04078639307476414
0.9962318967116315 1.2336275032378894 0.9945908419913649 0.950491602973323 -0.24800514762025688 0.23555369336771487 0.333559440222972 0.8314678678941669 0.8906549981678549 0.530346353404723 1.427892194978151 1.1434125197766902 0.8389077380883594 0.9783805337681886 0.8269426990992521 1.0917355414227785 0.8366359681271099 1.0154983307523682 0.8550362703188229 1.1651391838791951 1.1172689614867146 0.8314547627051156 0.9431562385088232 0.4491761997082614 0.22844601683791355 0.5360264842809483 0.4748075373888008 0.13423666373441084
1.006729679518178 1.137845479469116 1.0044047514039791 1.2088387485624432 0.13831011016095818 -0.20769056118803875 -0.4528293911529274 1.244975287485207 0.7864955401113395 1.4207609259302427 0.9953153650610909 0.8864393044855565 1.2236887780275836 0.8846869879694614 0.8929842000191668 1.1583208037199704 0.7730240718230151 0.9203721484521511 1.0449063138455061 0.920838177590375 0.9338503526308942 0.8526570006323009 0.836305558279906 0.5963343877215768 0.3945002221380725 0.5439932308255564 0.9179395973613761 0.587386142461561
1.0168210278661791 0.8731890329561992 0.9834525757075052 1.1838615456760004 0.2979070348032597 -0.11859075826712445 -0.041335283846909265 0.8916149707942411 1.4478198377825056 1.456841904413618 1.2064227596400472 0.828188885862523 0.7606083408808173 0.8464668425767299 0.852958346806065 1.0334712976124725 0.9718603181815194 0.8401858651033104 1.2159798130687154 1.2107855746314367 1.0962019997484562 1.213361695423274 0.8445408414421947 0.829853772409642 0.6473094917009646 0.43964752808520313 0.9360560286773368 0.5015077499915762
0.981603820991248 0.995397897263893 1.0091245801555224 1.1866024327420948 0.18130506604750884 -0.18400142384177542 0.4063300902555024 0.9875001019314362 1.1458418699526396 0.8309571655335307 1.0312226377007487 0.5407309183567967 1.0517115247396087 0.8397211548096208 0.9533771890144103 0.9082860863276893 1.0155147466857475 1.208708247103093 1.0730971132201887 1.1112879131107762 0.7739201380786902 0.9258292297580417 0.9787107372233931 0.10762990445870196 0.6720229383479516 0.1691543889512715 0.1205325758216179 0.02671367281906168
0.9889047569494916 1.1885511265295752 0.9921397871384401 0.9554925767687206 -0.030479843039543153 -0.1070359184058802 0.9595500523265748 0.7902480685967815 0.7257325859496391 0.7866008931673647 0.9534450009034888 1.334704697583488 1.1555906485419694 0.8786080721222667 1.2373466306556367 0.7867499830142007 1.1307187725992955 0.753418111747707 0.9747211525270166 0.9961550555461394 0.8360442325008467 1.2165872077434194 0.8925074896832057 0.21718513649272217 0.1526473558218371 0.5954445296177555 0.698820373748609 0.4209825274396216
0.9982336612124534 1.2382456330374758 0.980442258955264 1.1959841620100942 -0.07184818171256194 0.16400217218154928 0.5441873407247564 0.9998868572448593 0.5278631330181226 0.9871364869145824 1.0411885212250795 1.4641130714315551 1.2349542564510847 1.164345928748588 0.934003170741371 0.9917052537893085 0.8618887454709653 1.2355322781898936 0.9278880388132452 0.856919173155232 1.2128378121473942 0.9991055532720625 0.853907396014713 0.7599573138461572 0.8292186195348599 0.8307493832558103 0.09600594741891916 0.8953276204723315
0.9866006306184254 0.8678164569309458 1.0180748675656006 0.7535113353410957 0.1711978709017576 0.16120573319890447 -0.2347332820777862 0.9560421237972407 0.5943874543671972 0.6538082100450119 0.8863926300971638 1.2618469868599012 1.0182611114934377 1.1229826250515542 1.1295903589671277 0.972325167488185 0.7896605216215358 0.8672302785624126 0.8333419253716834 0.9332050967444874 1.0013229980363203 1.0740577246127567 0.9166642332758104 0.1929916444529595 0.3004599645993722 0.9388161812165741 0.5202356152083835 0.8766999633286737
0.9943441789657371 0.9201540224127116 1.0104014665580292 1.1189738564874183 0.12536437490425134 -0.07286884077095604 0.974174122325079 0.7861504883535061 1.426442589448691 0.8194380143897118 1.392714655064431 0.6970698430072162 1.069470642247385 0.8229526246910415 0.8118525858194672 0.8355795365690258 0.8322915590395694 1.1202249848618624 0.9909901493343778 1.0377945957300434 0.7558183072634378 0.9929711988066766 0.8252751597372183 0.5461590634842602 0.23115002666373044 0.2842111779749662 0.41111019801342247 0.2634623484757307
1.0172984209190943 0.9735020307465906 1.0062227797004508 1.0347491060432776 -0.2167748349927428 -0.12794300286084453 0.24954889898258104 0.7629026264432379 0.573264391498126 0.9995040570844586 0.9694092268391177 0.7889719239878958 0.8862296027079444 1.0597540958230431 0.9491756287563028 0.9521009434496246 1.1939043270356569 0.9938995423005683 0.9558367218172932 1.164897063405173 0.8927579597889446 1.1816457070617727 0.9147949116870828 0.9339556873399324 0.7227180148750111 0.40511587179307373 0.618809335109258 0.5531211114054592
1.006926347935384 1.1228442843187971 0.9903547101273559 1.0729518337760504 0.10168017837730037 -0.27329216938193013 -0.4393862316431437 0.5753944403919238 0.9139540450091166 1.234353819707681 1.163933120539892 1.3821359027959772 0.7705242108479101 0.9475139985689718 1.058700049535124 1.0637598545011353 0.9632395468310058 1.1990973913831176 0.9474091824274458 1.1323296221940422 1.028016031538136 1.1039059453383937 0.8131396654334174 0.6103627547176181 0.7912170945565704 0.26273864803837127 0.868371891128253 0.5181668390170301
0.9809988427036502 0.7961961847320822 0.9930924305882736 0.8656222475358499 -0.2933051194401919 0.0809413748190147 0.31271355175583415 1.3295211836389695 1.2398685805511263 1.0645073315341955 0.7274887966969352 1.3937945493851789 1.1458512308180437 1.1378563101111112 1.0545007863854052 1.1718232628005398 0.7683726777101096 1.0281621425863037 0.850017659765812 1.2004079763084712 0.7885603809291154 0.7838290252183711 0.8769162298980144 0.5170425612854007 0.4242683254572574 0.45630334369372133 0.37739082736658086 0.5294767290054719
1.0133725480600329 0.9094354590697273 0.987033876802708 1.0428354550935042 -0.23128640855774804 -0.06074590003209693 0.0851665934510989 1.4360595230457252 1.1627526342890395 0.7687524635710798 1.35358723868382 1.3572353336879202 0.8796703600771296 1.1162009548233804 0.7853853253503932 0.8409102513323549 1.240676995585961 1.1073816810904011 0.8478944884623524 0.8472746508901193 1.1433315672527404 1.054481023884924 0.8741217769725279 0.965527823964791 0.4429162574704572 0.855726156254095 0.32643826662745956 0.3578883464298662
1.0000779975547422 1.1050457667619908 0.9879408588384754 0.8329257814592053 -0.2629525670794429 -0.031966338062186295 0.34124211924640035 1.4001016170430955 1.3899497642847707 1.3152452665589476 1.2121321232681423 1.2563294947111845 1.163965964052656 0.8581314053633613 1.2147245346660909 1.1871351481000134 1.1528691508874802 1.2032534530635486 1.128222735848178 0.9018670031487486 1.2466996470097604 1.1528221172559219 0.9644661055047031 0.37604919867197245 0.05887689882657802 0.8927129424444098 0.6652559436958817 0.07370338892624334
0.9899371840922142 1.228087261836165 0.9936029194214218 0.8984873639421613 -0.07675055961442709 -0.15504959133828136 -0.27278822418685167 1.1277919559010972 0.5562359259385482 0.546552117669326 1.1187974202238349 0.9632357389534306 1.1978713414899007 1.1520316449789934 1.0331694898930792 1.161274917696042 0.9241656739774143 0.9311822071461933 1.1386579964858772 0.9280938405147489 1.1229875393347313 1.049325226263713 0.8825202722535245 0.051551642238014964 0.8062046085958645 0.6364349260666418 0.04980860095293172 0.5741521785747248
0.9861172138150436 1.1136206113098313 0.9965589974799742 0.8264611097927848 -0.16229272372806972 -0.09487082433434782 -0.09915400304156674 0.5495726736034477 0.7472716599263728 1.1330136318769253 1.0033494886824514 1.0983041514343048 0.8972027831165269 0.7609569573395836 1.1994071922950773 0.8895015532374078 1.0013272063909737 1.0129189528643265 0.8763131585884851 1.1210621050157659 1.1080909231712712 0.8162810888070937 0.8635472033986967 0.02840509807780115 0.09964720613924793 0.02048346747174998 0.011050810742515729 0.9340405526792469
1.0160134069489168 1.1430620576830701 1.017286007066636 0.7680448456545571 -0.15033940331157594 0.018155432470679633 0.5021878355195795 1.0511999823765132 0.9323473634385411 0.6958157327541219 1.0941764630086173 1.2152457201688855 1.137233239704907 0.914160309138207 1.1816146157732499 1.0698849784960673 1.0647913279837227 1.0316747717839805 0.9190672249702638 1.0784302316197762 0.9965517452715976 0.9795034084578338 0.9383658503384746 0.718544354164903 0.18417936536248197 0.05364680817160826 0.22074827401932925 0.6712102352959317
1.0078191395032086 1.050182841448165 0.9816543909409908 1.174169750838433 0.24782315429344876 -0.2207317515675422 0.821006553412944 0.9609061161001479 0.6548168234300926 0.9178779286635637 1.2239690639218375 1.1353508534822288 0.9463494627655614 1.2112089063489548 0.9154526784746834 0.7752606831393285 1.2299258523959076 0.9093544203947528 1.1689211071228627 0.9705867722397787 0.8520725859473496 1.0806210636428677 0.9227076019183651 0.30238478416097725 0.3556318870952665 0.46523348275459087 0.20711956617700095 0.05438258888205166
0.9873155127714044 1.0401440581426102 0.9991064386412054 1.0009448793789522 0.26441986804887047 -0.27904958065477004 0.6079796885550941 1.3403978743829974 0.9585325866246048 1.3030116656916801 0.7873370821349374 1.0037997542977664 1.080711783511102 1.207305687981969 1.245697477014944 1.044329737787249 1.0384523045712717 0.9431331881785334 1.1080655938611441 1.2489472058215347 1.0914061394641732 1.249314967761237 0.9508649193405161 0.1536500438752421 0.04674279550741535 0.8474415309937757 0.7193454280115876 0.9768109492596975
1.0139233934151675 1.1814553160499828 1.0176674892507704 1.0085847601612061 -0.20841175932276876 0.20935885277321636 -0.3925055724232632 1.267871285142785 1.485931428267448 1.1930979317462223 1.4348958525814592 1.100341875955438 1.1281477408933722 1.1825660493402572 0.8176111623185331 0.8639449455075134 0.8051097025919194 1.0388785748899454 1.011342006173394 1.1842108584075814 0.7846782437015993 1.0431387955416282 0.958344490515886 0.839252142223271 0.47814425895619367 0.23888150631813407 0.6235829070937131 0.4336487363790233
0.9802607331523667 0.816614898639359 1.0099146911649384 1.1448346839648946 -0.1494843250432197 0.11582113538300598 0.8480726627293917 1.2915369818377926 1.247207123613964 1.00419459321895 0.6979513823633158 0.9939260565935034 1.0734651676723512 0.9033733152076482 1.1712919776025246 1.0830474941849615 0.992357105435843 0.9128568428130156 1.1502708574769278 0.9568410496117784 0.8048846891861763 1.2230775398767575 0.9949007508447263 0.573276462234119 0.026865205725089016 0.04955120106422044 0.9627347807207284 0.7694344522194537
0.9924438134245198 1.1780023287820294 0.9971706388531403 0.8193518313157069 0.17745567238732546 0.008235651106299147 -0.4230979676381831 1.1628590420587865 0.6716408397163317 0.6086445449340966 0.847040695182991 0.7383314954428499 1.2271263656215021 0.7570660404827649 1.0105930544588237 0.958609187526823 1.0897961168719248 1.226810563677247 0.7720976847210113 0.813931929605607 0.915851341871142 1.2449434751410309 0.9917469629274303 0.6803679156106647 0.7153551581435488 0.6605301308956701 0.7581195652895432 0.11608776208912128
0.9984809835350703 0.8579718853076517 1.003169973360474 0.8734386357097127 0.27391907818517663 -0.24425669332869743 0.7220350885129807 1.3943906320037498 1.4530293761736468 0.553024737090314 0.794608082500639 0.8443887467904285 1.2176331591870602 0.7795009039510427 1.2247925112675437 1.1186100667727086 0.8825756827135799 1.0704509920445746 0.9318321526105069 1.1993229685517544 1.1276769174450196 0.9693963001555914 0.9268875266651627 0.776422847135563 0.20644454328255207 0.3617298829739778 0.7606215965932103 0.9881295012274922
1.0090545079705566 1.0371205384914215 1.009336067293249 0.8880235054429331 0.2521561134068205 0.19190804655625016 0.07548331270703401 1.1572925802608665 1.0852172524202899 0.7991316766406127 0.8733171984607166 1.4528901582165084 0.9842635178813107 1.1066518218770522 0.8402974381092843 0.8140077363215723 0.7972259778426953 1.046800994416311 0.7529602850063436 0.820174309957583 0.8587962248301289 0.9403054855192039 0.9832334483997031 0.6655683414520509 0.3271709725254521 0.3721830794995697 0.1601907736121999 0.612741647821582
0.9995259292614015 0.7906226678849682 0.9909706074890228 0.8383327937456961 -0.12354407647906315 0.1384419455259513 0.2170080721096962 1.2889687306461288 1.2040289048173465 0.6785615883705924 0.8123736844833092 0.9708985132652072 0.781914619325421 1.2191618561879576 0.8369081038504734 0.9845492687716341 1.0660563220658128 0.8218916342342781 0.8409779268578317 1.0215641130505082 1.2029497758929888 0.9080406595154319 0.9533304817759064 0.9066376329752587 0.5078739972855615 0.09608721481025359 0.6470273897456833 0.009481602254390818
0.9930413478818803 0.8425270603609247 0.9812861353566712 1.05306076692402 0.02346697150220628 0.17765136139629262 0.882876263389506 0.9275088098312175 0.9043433347809877 1.398748889224446 1.0591238138729142 1.1254344482137828 1.2423373042715924 0.963956058098195 1.2023053906252463 1.0390068044527256 1.1235458382658834 1.1944596837272634 0.8172282467120237 0.7543291843806798 1.152884009171513 1.0288141192097373 0.8144158616403211 0.43464563265794615 0.5252004538059589 0.1386649899380208 0.39053932270397096 0.7762060230831495
1.0151517656161202 1.1179171417329723 1.0139391123464399 0.9686344196704527 0.1343602719093469 0.13495083404243963 -0.0038729051035673034 1.1865940119291123 1.1895962518799412 1.1544882025146146 0.9079405484969615 0.9173742132587064 0.9189134632861933 0.788574093003699 0.8453011825175072 0.7603690497864992 0.9592232097813637 0.8959251514934128 1.1634753217949911 1.0093732340153188 0.8881110629303883 0.9471365794770659 0.9618437807053455 0.7067152833244944 0.851164880792955 0.5146147203200042 0.9837455151297201 0.0803125712042252
1.0186057756207405 0.9649948045128041 1.010302428919498 0.7554524556262842 0.19330156137027044 -0.03613821027540853 -0.008316859334728477 0.8273665551632226 1.0902968328761133 0.9355844369321786 1.372711285721858 1.2782249111613437 0.861106331282093 1.0951669784811298 1.131336329667905 0.8526679979389338 0.9011846845486128 0.9155824229805343 1.207524290218013 0.7629242605766173 1.2228617474023065 0.8869912815235905 0.861456310385948 0.524667427643102 0.7863139583559045 0.8809808470391468 0.1540567529633108 0.8251428221335821
1.0075629795866465 0.8791893809574745 0.9999587874699486 0.9720878599814782 0.06177790680838813 0.29687779063611314 0.5576862411458716 1.0452413856796288 0.9720206957541615 1.1173539427195984 1.0613753786380105 1.4442782989667866 0.9635757129102638 1.125331638024708 0.9448494516701775 1.1246098808382656 1.0752911740552191 0.9627023410747741 0.7963741837208095 1.0738759666378859 1.188904262541496 0.8124009027529414 0.9759641526888608 0.6443468439919968 0.8721311740652389 0.08734883511165094 0.7272859929504509 0.9103447833823466
1.0033357604332385 0.9118752025277246 1.0017976910845752 1.2002911075357754 -0.09200705480904789 -0.256998354098015 -0.4944997950714576 1.0960399792551025 1.4755988769519883 0.7088673129773193 0.6218292474198663 1.497417196585088 0.8243079240457272 1.0496815454057944 1.0019633888429325 0.9037389501489814 0.8456419434145059 0.8490027252304475 0.7600270454413187 0.7984781323923875 0.8106384317889174 1.193123593756115 0.8390573932074246 0.411980254150213 0.29085230212504765 0.629578637064678 0.7373132246494382 0.758772328983505
0.980465713650783 1.1987380952342157 1.016968821486583 0.9188101608628609 0.0508742613074209 0.2844927326307756 0.15099363415941958 1.0332570519618136 0.7754217332553246 0.6637691846046594 0.9237618058539045 0.7566527192017968 0.9245232892026155 1.1717413857911183 0.7610533006923181 1.2041708680567709 0.9987459787586568 0.9594975974105194 0.7882835177719203 1.027028901312931 1.2357420177433298 0.9597729062264555 0.8574113531186608 0.2936676271413234 0.5489100630559409 0.8030897231723331 0.35579338212343836 0.094609186049405
